100016008030628
100015970683702
100015918637766
100015980462796
100015990782082
100015918037772
100015825765822
100016009110569
100015965943789
100015803567214
100015876911106
100015832514842
100015864042359
100015988472187
100015790218250
100015933396925
100015790758224
100015874542787
100015800778672
100015973264739
100015819377410
100015988233600
100015806238511
100015966905408
100015856334417
100015864763484
100015857084304
100015939637555
100015855404301
100015988533660
100015820457264
100015923858812
100015893771385
100015950766463
100015827056863
100015935767935
100015957666094
100015954846227
100015802998701
100015794779474
100015973684881
100015867613458
100015906820236
100016010911797
100016023210831
100016015441389
100015935167939
100015882222125
100015873732522
100015897790940
100015934897922
100016018651164
100015979234688
100015929288414
100015984093919
100015973624798
100016006292309
100015917859034
100016007521985
100015912639761
100015815657596
100015998792802
100015959946058
100015839985689
100015909039971
100015871662934
100016022490892
100015886901807
100015893201513
100015816587495
100015943537080
100016032960080
100015810168009
100015808398141
100015835935882
100015911079900
100015975904544
100015902590562
100015853514608
100015996722871
100015905980428
100015970865052
100015921278841
100015807138528
100015903070603
100016014511567
100015945396873